0 0.366444 0.130380 0.268781 0.134177
0 0.667780 0.122785 0.313856 0.058228
0 0.390651 0.258228 0.287145 0.101266
0 0.621035 0.351899 0.116861 0.116456
0 0.329716 0.449367 0.141903 0.088608
0 0.620200 0.535443 0.125209 0.093671
0 0.296327 0.649367 0.081803 0.093671
0 0.454090 0.646835 0.170284 0.098734
0 0.356427 0.762025 0.212020 0.101266
0 0.597663 0.774684 0.156928 0.096203
0 0.327212 0.877215 0.150250 0.093671
0 0.590985 0.882278 0.146912 0.083544
0 0.860601 0.841772 0.135225 0.134177
0 0.818865 0.946835 0.235392 0.050633
