0 0.366797 0.128750 0.244531 0.125000
0 0.657031 0.111250 0.281250 0.060000
0 0.479297 0.245625 0.361719 0.088750
0 0.579688 0.340000 0.195312 0.092500
0 0.474609 0.442500 0.349219 0.105000
0 0.591406 0.535000 0.170313 0.082500
0 0.336328 0.642500 0.082031 0.110000
0 0.472266 0.637500 0.167969 0.102500
0 0.398828 0.758750 0.214844 0.085000
0 0.590234 0.761875 0.139844 0.096250
0 0.367578 0.875625 0.149219 0.106250
0 0.590625 0.875625 0.150000 0.098750
0 0.817187 0.813750 0.128125 0.115000
0 0.812500 0.938125 0.196875 0.061250
