0 0.370117 0.136364 0.236328 0.112121
0 0.659180 0.122727 0.292969 0.063636
0 0.379883 0.249242 0.226562 0.095455
0 0.598633 0.340152 0.121094 0.095455
0 0.408203 0.440909 0.269531 0.096970
0 0.593262 0.543939 0.124023 0.069697
0 0.299805 0.623485 0.064453 0.089394
0 0.499512 0.628030 0.249023 0.092424
0 0.369141 0.737121 0.208984 0.095455
0 0.586914 0.742424 0.136719 0.090909
0 0.337402 0.856818 0.143555 0.089394
0 0.587402 0.855303 0.149414 0.089394
0 0.808105 0.817424 0.092773 0.122727
0 0.813965 0.921212 0.219727 0.063636
