0 0.379000 0.180000 0.216000 0.113333
0 0.378500 0.286667 0.169000 0.096667
0 0.636000 0.135833 0.268000 0.058333
0 0.603000 0.359167 0.148000 0.111667
0 0.388000 0.452500 0.170000 0.091667
0 0.595000 0.539167 0.158000 0.108333
0 0.340500 0.654167 0.075000 0.095000
0 0.489000 0.660000 0.198000 0.103333
0 0.407000 0.767500 0.206000 0.105000
0 0.592500 0.780000 0.135000 0.096667
0 0.373500 0.892500 0.135000 0.101667
0 0.589000 0.890000 0.162000 0.103333
0 0.809000 0.947500 0.200000 0.055000
0 0.804500 0.811667 0.175000 0.133333
