0 0.382857 0.222488 0.205714 0.098086
0 0.626531 0.211124 0.258776 0.051435
0 0.391020 0.312799 0.186122 0.077751
0 0.576327 0.389354 0.128980 0.070574
0 0.407347 0.464713 0.215510 0.080144
0 0.608163 0.550239 0.083265 0.078947
0 0.341633 0.621411 0.072653 0.075359
0 0.460408 0.631579 0.142041 0.088517
0 0.398367 0.727273 0.189388 0.081340
0 0.571020 0.729067 0.131429 0.084928
0 0.364898 0.815789 0.138776 0.074163
0 0.571429 0.815789 0.138776 0.076555
0 0.775102 0.776914 0.097143 0.118421
0 0.764898 0.862440 0.173061 0.040670
