0 0.352055 0.149635 0.254795 0.109489
0 0.660274 0.140511 0.323288 0.051095
0 0.362329 0.250000 0.217808 0.087591
0 0.611644 0.333942 0.121918 0.102190
0 0.358219 0.426095 0.204110 0.089416
0 0.613699 0.510949 0.139726 0.083942
0 0.300000 0.602190 0.095890 0.080292
0 0.445890 0.609489 0.171233 0.105839
0 0.363014 0.723540 0.238356 0.107664
0 0.593836 0.725365 0.168493 0.104015
0 0.328082 0.829380 0.182192 0.096715
0 0.578767 0.832117 0.171233 0.091241
0 0.835616 0.761861 0.221918 0.125912
0 0.841781 0.884124 0.239726 0.052920
