0 0.337325 0.118153 0.255489 0.142410
0 0.635729 0.105634 0.293413 0.051643
0 0.378244 0.249609 0.257485 0.098592
0 0.585828 0.352113 0.171657 0.065728
0 0.369261 0.448357 0.223553 0.098592
0 0.599301 0.541471 0.122754 0.093897
0 0.298902 0.651800 0.092814 0.092332
0 0.443114 0.654147 0.173653 0.093897
0 0.367764 0.776213 0.234531 0.093897
0 0.573353 0.774648 0.152695 0.097027
0 0.338323 0.897496 0.157685 0.107981
0 0.579341 0.887324 0.160679 0.093897
0 0.823852 0.828638 0.106786 0.148670
0 0.812375 0.946009 0.215569 0.035994
