0 0.363333 0.121693 0.250000 0.137566
0 0.663333 0.104497 0.313333 0.060847
0 0.358333 0.256614 0.180000 0.111111
0 0.606667 0.349206 0.093333 0.089947
0 0.406667 0.449735 0.256667 0.111111
0 0.607500 0.534392 0.091667 0.100529
0 0.310000 0.644180 0.083333 0.087302
0 0.439167 0.641534 0.151667 0.097884
0 0.386667 0.747354 0.230000 0.092593
0 0.590000 0.750000 0.153333 0.092593
0 0.350833 0.843915 0.175000 0.089947
0 0.581667 0.846561 0.170000 0.084656
0 0.829167 0.853175 0.195000 0.124339
0 0.835833 0.945767 0.205000 0.050265
