0 0.355590 0.107500 0.251553 0.145000
0 0.650621 0.102500 0.295031 0.075000
0 0.350932 0.245000 0.149068 0.100000
0 0.621118 0.342500 0.099379 0.075000
0 0.394410 0.442500 0.217391 0.105000
0 0.604037 0.530000 0.133540 0.080000
0 0.322981 0.632500 0.086957 0.095000
0 0.458075 0.640000 0.158385 0.100000
0 0.386646 0.760000 0.214286 0.100000
0 0.580745 0.760000 0.142857 0.100000
0 0.352484 0.877500 0.152174 0.095000
0 0.588509 0.880000 0.164596 0.090000
0 0.827640 0.810000 0.152174 0.170000
0 0.815217 0.942500 0.220497 0.045000
