0 0.223790 0.135417 0.310484 0.114583
0 0.568548 0.106771 0.370968 0.057292
0 0.233871 0.242188 0.274194 0.098958
0 0.520161 0.328125 0.153226 0.093750
0 0.274194 0.437500 0.306452 0.093750
0 0.558468 0.526042 0.108871 0.093750
0 0.177419 0.635417 0.104839 0.114583
0 0.334677 0.625000 0.185484 0.104167
0 0.254032 0.757812 0.266129 0.088542
0 0.497984 0.747396 0.181452 0.098958
0 0.223790 0.872396 0.213710 0.088542
0 0.500000 0.867188 0.185484 0.098958
0 0.790323 0.794271 0.217742 0.161458
0 0.792339 0.929688 0.262097 0.057292
