0 0.362500 0.119048 0.265000 0.119048
0 0.662500 0.095238 0.310000 0.055556
0 0.365000 0.251984 0.255000 0.099206
0 0.555000 0.365079 0.170000 0.087302
0 0.360000 0.464286 0.215000 0.111111
0 0.545000 0.553571 0.125000 0.083333
0 0.298750 0.650794 0.102500 0.111111
0 0.460000 0.656746 0.170000 0.115079
0 0.380000 0.781746 0.215000 0.095238
0 0.598750 0.781746 0.162500 0.111111
0 0.361250 0.906746 0.177500 0.091270
0 0.607500 0.908730 0.185000 0.087302
0 0.817500 0.847222 0.125000 0.075397
0 0.841250 0.942460 0.247500 0.051587
