0 0.417508 0.120588 0.215488 0.123529
0 0.670034 0.102941 0.255892 0.064706
0 0.437710 0.241176 0.195286 0.094118
0 0.636364 0.332353 0.114478 0.076471
0 0.442761 0.429412 0.205387 0.094118
0 0.638047 0.511765 0.131313 0.105882
0 0.383838 0.620588 0.087542 0.088235
0 0.510101 0.626471 0.151515 0.100000
0 0.432660 0.735294 0.185185 0.094118
0 0.612795 0.741176 0.114478 0.082353
0 0.405724 0.850000 0.131313 0.100000
0 0.614478 0.850000 0.131313 0.088235
0 0.835017 0.797059 0.168350 0.147059
0 0.821549 0.908824 0.195286 0.052941
